0 115
1 117
2 118
3 119
4 120
5 121
6 122
7 123
8 124
9 125
10 126
11 127
12 128
13 129
14 130
15 131
16 132
17 137
18 133
19 134
20 135
21 136
22 138
23 139
24 140
25 141
26 142
27 143
28 144
29 145
30 146
31 147
32 148
33 149
34 150
35 151
36 152
37 153
38 154
39 155
40 156
41 157
42 158
43 159
44 160
45 161
46 162
47 163
48 164
49 165
50 166
51 167
52 168
53 169
54 170
55 171
56 172
57 173
58 174
59 175
60 176
61 177
62 178
63 179
64 180
65 181
66 182
67 183
68 184
69 185
70 186
71 187
72 188
73 189
74 190
75 191
76 192
77 193
78 194
79 195
80 196
81 197
82 198
83 199
84 200
85 201
86 203
87 202
88 204
89 205
90 206
91 207
92 208
93 209
94 210
95 211
96 212
97 213
98 214
99 215
100 216
101 217
102 218
103 219
104 220
105 221
106 222
107 223
108 224
109 225
110 226
111 227
112 228
113 229
114 230
115 231
116 232
117 233
118 234
119 235
120 236
121 237
122 238
123 239
124 240
125 241
126 242
127 243
128 244
129 245
130 246
131 247
132 248
133 249
134 250
135 252
136 251
137 253
138 264
139 254
140 306
141 255
142 256
143 257
144 258
145 260
146 259
147 261
148 262
149 263
150 265
151 266
152 267
153 268
154 269
155 270
156 271
157 272
158 273
159 274
160 275
161 276
162 277
163 278
164 279
165 280
166 281
167 282
168 283
169 284
170 285
171 286
172 287
173 288
174 289
175 296
176 290
177 291
178 292
179 293
180 294
181 295
182 297
183 326
184 298
185 299
186 300
187 301
188 302
189 303
190 304
191 305
192 307
193 308
194 309
195 310
196 311
197 312
198 313
199 314
200 315
201 316
202 317
203 318
204 319
205 320
206 321
207 322
208 323
209 324
210 325
211 327
212 328
213 329
214 330
215 331
216 340
217 332
218 333
219 334
220 335
221 336
222 337
223 338
224 339
225 341
226 342
227 364
228 343
229 344
230 345
231 346
232 347
233 348
234 349
235 350
236 351
237 352
238 353
239 354
240 355
241 356
242 357
243 358
244 359
245 360
246 361
247 362
248 363
249 402
250 365
251 366
252 371
253 367
254 368
255 369
256 370
257 381
258 372
259 373
260 374
261 375
262 376
263 377
264 378
265 379
266 380
267 382
268 383
269 384
270 385
271 386
272 387
273 388
274 389
275 390
276 391
277 392
278 396
279 393
280 394
281 395
282 397
283 398
284 399
285 400
286 401
287 403
288 404
289 405
290 406
291 407
292 408
293 409
294 410
295 411
296 412
297 413
298 414
299 415
300 416
301 417
302 418
303 419
304 421
305 420
306 422
307 423
308 424
309 425
310 426
311 427
312 430
313 428
314 429
315 431
316 466
317 432
318 433
319 434
320 435
321 436
322 437
323 438
324 439
325 440
326 441
327 442
328 443
329 445
330 444
331 446
332 447
333 448
334 449
335 450
336 451
337 452
338 453
339 454
340 458
341 455
342 456
343 457
344 459
345 460
346 461
347 462
348 463
349 464
350 465
351 467
352 468
353 469
354 470
355 471
356 472
357 473
358 474
359 486
360 487
361 476
362 477
363 478
364 479
365 480
366 481
367 482
368 483
369 484
370 485
371 488
372 489
373 490
374 496
375 491
376 492
377 493
378 494
379 495
380 497
381 498
382 499
383 500
384 501
385 502
386 512
387 511
388 503
389 504
390 505
391 506
392 507
393 508
394 509
395 510
396 513
397 514
398 515
399 518
400 516
401 517
402 519
403 520
404 522
405 521
406 529
407 523
408 524
409 525
410 526
411 527
412 530
413 531
414 532
415 533
416 534
417 535
418 536
419 537
420 538
421 539
422 540
423 541
424 542
425 543
426 544
427 545
428 546
429 547
430 548
431 549
432 550
433 551
434 552
435 553
436 554
437 555
438 556
439 557
440 558
441 559
442 560
443 561
444 562
445 565
446 564
447 566
448 567
449 575
450 574
451 573
452 572
453 571
454 568
455 569
456 570
457 576
458 577
459 606
460 586
461 578
462 579
463 580
464 581
465 582
466 583
467 584
468 585
469 587
470 607
471 589
472 590
473 591
474 592
475 593
476 595
477 596
478 597
479 598
480 599
481 600
482 601
483 602
484 603
485 604
486 605
487 608
488 612
489 610
490 611
491 613
492 614
493 615
494 616
495 620
496 617
497 618
498 619
499 621
500 670
501 627
502 658
503 662
504 659
505 669
506 668
507 667
508 666
509 665
510 664
511 663
512 660
513 661
514 657
515 651
516 622
517 623
518 624
519 625
520 626
521 628
522 629
523 630
524 631
525 656
526 632
527 633
528 634
529 635
530 636
531 637
532 655
533 638
534 639
535 640
536 641
537 642
538 643
539 644
540 645
541 654
542 646
543 647
544 648
545 649
546 650
547 652
548 653
549 671
550 672
551 673
552 674
553 675
554 676
555 677
556 678
557 679
558 680
559 681
560 682
561 683
562 685
563 684
564 686
565 687
566 688
567 689
568 691
569 690
570 692
571 693
572 699
573 695
574 696
575 697
576 698
577 701
578 709
579 700
580 702
581 703
582 704
583 705
584 706
585 707
586 708
587 710
588 711
589 712
590 713
591 714
592 715
593 716
594 717
595 718
596 719
597 721
598 722
599 723
600 724
601 725
602 726
603 727
604 728
605 729
606 730
607 731
608 732
609 733
610 734
611 735
612 736
613 737
614 739
615 738
616 740
617 741
618 742
619 743
620 744
621 745
622 746
623 747
624 748
625 751
626 749
627 750
628 752
629 753
630 754
631 755
632 756
633 757
634 759
635 760
636 761
637 762
638 763
639 793
640 786
641 799
642 764
643 765
644 817
645 766
646 767
647 768
648 769
649 770
650 771
651 772
652 773
653 774
654 775
655 776
656 777
657 778
658 779
659 780
660 781
661 782
662 783
663 784
664 785
665 787
666 788
667 789
668 790
669 791
670 792
671 794
672 795
673 797
674 796
675 798
676 800
677 801
678 802
679 803
680 804
681 805
682 806
683 807
684 808
685 809
686 810
687 811
688 812
689 813
690 814
691 815
692 816
693 818
694 819
695 820
696 821
697 822
698 823
699 824
700 825
